Learning Rate: 3e-05
Learning Rate: 3e-05
1e-05; 0.304621656547
2e-05; 0.304558688492
3e-05; 0.392817504012
4e-05; 0.304647262354
5e-05; 0.304667685926
6e-05; 0.304648152061
7e-05; 0.304559433432
8e-05; 0.30468870882
9e-05; 0.304609018774
Learning Rate: 1e-05
1e-05; 0.304613498521
Learning Rate: 1e-05
1e-05; 0.486792991353
Learning Rate: 1e-05
1e-05; 0.486123400308
2e-05; 0.485267475038
Learning Rate: 1e-05
1e-05; 0.482654675983
2e-05; 0.480859617146
Learning Rate: 0.07111
1e-05; 0.627889950937
3e-05; 0.665695847431
5e-05; 0.62891254785
7e-05; 0.590746926546
9e-05; 0.628340430474
0.00011; 0.627870377934
0.00031; 0.629115108382
0.00051; 0.665543928862
0.00071; 0.589925864932
0.00091; 0.628939113533
0.00111; 0.628750174782
0.00311; 0.665856345248
0.00511; 0.665257912983
0.00711; 0.62685245376
0.00911; 0.628254877875
0.01111; 0.592640370241
0.03111; 0.665820474247
0.05111; 0.66611108083
0.07111; 0.666774073316
0.09111; 0.62835483579
